{
  "accessors": [
    {
      "bufferView": 2,
      "componentType": 5126,
      "count": 6777,
      "max": [
        1.9624099731445313,
        0.9979000091552734,
        1.9624099731445313
      ],
      "min": [
        -1.9624099731445313,
        -2.8361101150512695,
        -1.9624099731445313
      ],
      "type": "VEC3"
    },
    {
      "bufferView": 2,
      "byteOffset": 81324,
      "componentType": 5126,
      "count": 6777,
      "max": [
        1.0,
        1.0,
        1.0
      ],
      "min": [
        -1.0,
        -1.0,
        -1.0
      ],
      "type": "VEC3"
    },
    {
      "bufferView": 3,
      "componentType": 5126,
      "count": 6777,
      "max": [
        1.0,
        1.0,
        1.0,
        1.0
      ],
      "min": [
        -1.0,
        -1.0,
        -0.9999998807907104,
        1.0
      ],
      "type": "VEC4"
    },
    {
      "bufferView": 1,
      "componentType": 5126,
      "count": 6777,
      "max": [
        0.7882900238037109,
        0.7842599749565125
      ],
      "min": [
        0.08760000020265579,
        0.15177999436855316
      ],
      "type": "VEC2"
    },
    {
      "bufferView": 1,
      "byteOffset": 54216,
      "componentType": 5126,
      "count": 6777,
      "max": [
        1.0,
        1.0
      ],
      "min": [
        0.0,
        0.0
      ],
      "type": "VEC2"
    },
    {
      "bufferView": 0,
      "componentType": 5125,
      "count": 24144,
      "type": "SCALAR"
    }
  ],
  "asset": {
    "extras": {
      "author": "tashtego (https://sketchfab.com/tashtego)",
      "license": "CC-BY-NC-4.0 (http://creativecommons.org/licenses/by-nc/4.0/)",
      "source": "https://sketchfab.com/3d-models/sputnik-1-35f81881ca404ecf98f2a39220c2d506",
      "title": "Sputnik 1"
    },
    "generator": "Sketchfab-12.89.0",
    "version": "2.0"
  },
  "bufferViews": [
    {
      "buffer": 0,
      "byteLength": 96576,
      "name": "floatBufferViews",
      "target": 34963
    },
    {
      "buffer": 0,
      "byteLength": 108432,
      "byteOffset": 96576,
      "byteStride": 8,
      "name": "floatBufferViews",
      "target": 34962
    },
    {
      "buffer": 0,
      "byteLength": 162648,
      "byteOffset": 205008,
      "byteStride": 12,
      "name": "floatBufferViews",
      "target": 34962
    },
    {
      "buffer": 0,
      "byteLength": 108432,
      "byteOffset": 367656,
      "byteStride": 16,
      "name": "floatBufferViews",
      "target": 34962
    }
  ],
  "buffers": [
    {
      "byteLength": 476088,
      "uri": "model.bin"
    }
  ],
  "images": [
    {
      "uri": "textures/sputnik_color_baseColor.png"
    },
    {
      "uri": "textures/sputnik_color_metallicRoughness.png"
    },
    {
      "uri": "textures/sputnik_color_normal.png"
    }
  ],
  "materials": [
    {
      "name": "sputnik_color",
      "normalTexture": {
        "index": 2
      },
      "occlusionTexture": {
        "index": 1
      },
      "pbrMetallicRoughness": {
        "baseColorTexture": {
          "index": 0
        },
        "metallicRoughnessTexture": {
          "index": 1
        },
        "roughnessFactor": 0.20000000298023202
      }
    }
  ],
  "meshes": [
    {
      "name": "sputnik",
      "primitives": [
        {
          "attributes": {
            "NORMAL": 1,
            "POSITION": 0,
            "TANGENT": 2,
            "TEXCOORD_0": 3,
            "TEXCOORD_1": 4
          },
          "indices": 5,
          "material": 0,
          "mode": 4
        }
      ]
    }
  ],
  "nodes": [
    {
      "children": [
        1
      ],
      "matrix": [
        1.0,
        0.0,
        0.0,
        0.0,
        0.0,
        2.220446049250313e-16,
        -1.0,
        0.0,
        0.0,
        1.0,
        2.220446049250313e-16,
        0.0,
        0.0,
        0.0,
        0.0,
        1.0
      ],
      "name": "Sketchfab_model"
    },
    {
      "children": [
        2,
        4,
        6,
        8
      ],
      "name": "Root"
    },
    {
      "children": [
        3
      ],
      "matrix": [
        -0.29086000000000006,
        0.9551700000000001,
        -0.05519000000000001,
        0.0,
        -0.7711,
        -0.19988000000000003,
        0.6045200000000001,
        0.0,
        0.5663900000000001,
        0.21839000000000003,
        0.7946700000000001,
        0.0,
        4.0781,
        -1.9548199999999998,
        5.121949999999999,
        1.0
      ],
      "name": "Lamp"
    },
    {
      "name": "Lamp"
    },
    {
      "children": [
        5
      ],
      "name": "sputnik"
    },
    {
      "mesh": 0,
      "name": "sputnik"
    },
    {
      "children": [
        7
      ],
      "matrix": [
        -0.29086000000000006,
        0.9551700000000001,
        -0.05519000000000001,
        0.0,
        -0.7711,
        -0.19988000000000003,
        0.6045200000000001,
        0.0,
        0.5663900000000001,
        0.21839000000000003,
        0.7946700000000001,
        0.0,
        -1.51633,
        -2.1729399999999996,
        -5.17323,
        1.0
      ],
      "name": "Lamp.001"
    },
    {
      "name": "Lamp.001"
    },
    {
      "children": [
        9
      ],
      "matrix": [
        -0.29086000000000006,
        0.9551700000000001,
        -0.05519000000000001,
        0.0,
        -0.7711,
        -0.19988000000000003,
        0.6045200000000001,
        0.0,
        0.5663900000000001,
        0.21839000000000003,
        0.7946700000000001,
        0.0,
        1.11657,
        1.7221500000000003,
        -2.4365399999999995,
        1.0
      ],
      "name": "Lamp.002"
    },
    {
      "name": "Lamp.002"
    }
  ],
  "samplers": [
    {
      "magFilter": 9729,
      "minFilter": 9987,
      "wrapS": 10497,
      "wrapT": 10497
    }
  ],
  "scene": 0,
  "scenes": [
    {
      "name": "Sketchfab_Scene",
      "nodes": [
        0
      ]
    }
  ],
  "textures": [
    {
      "sampler": 0,
      "source": 0
    },
    {
      "sampler": 0,
      "source": 1
    },
    {
      "sampler": 0,
      "source": 2
    }
  ]
}
